symbol,company_name,page
502250,Lerthai Finance,1
502281,Triveni Glass,1
512103,Nidhi Granites,1
513528,Glittek Granites,1
513699,Solid Stone Co,1
523467,Jai Mata Glass,1
526095,Ravi Leela Gran,1
526315,Divyashakti,1
526570,Midwest Gold,1
531049,Neelkanth Rock,1
531129,Inani Marbles,1
531168,Associated Cera.,1
531221,Mayur Floorings,1
531281,Marble City,1
531338,Milestone Global,1
539119,Jain Marmo Inds,1
540072,Shiva Granito,1
ARIS,Arisinfra Solu.,1
EVERESTIND,Everest Inds.,1
MCON,MCON Rasayan,1
RAMCOIND,Ramco Inds.,1
SAHYADRI,Sahyadri Industr,1
VISHNUINFR,Vishnusurya Pro.,1
